Vertex 1 0.678779 0.209496 -0.703825
    {normal=(0.678779, 0.209496, -0.703825)
     Opos=(0.475146, 0.146647, -0.492678)
     Onormal=(0.678779, 0.209496, -0.703825)}

Vertex 2 -0.633393 0.773139 -0.032704
    {normal=(-0.633393, 0.773139, -0.032704)
     Opos=(-0.443375, 0.541197, -0.022893)
     Onormal=(-0.633393, 0.773139, -0.032704)}

Vertex 3 0.569860 -0.151909 -0.807579
    {normal=(0.569860, -0.151909, -0.807579)
     Opos=(0.398902, -0.106336, -0.565305)
     Onormal=(0.569860, -0.151909, -0.807579)}

Vertex 4 -0.025557 0.313686 0.949183
    {normal=(-0.025557, 0.313686, 0.949183)
     Opos=(-0.017890, 0.219580, 0.664428)
     Onormal=(-0.025557, 0.313686, 0.949183)}

Vertex 5 0.531905 -0.684521 0.498506
    {normal=(0.531905, -0.684521, 0.498506)
     Opos=(0.372333, -0.479165, 0.348954)
     Onormal=(0.531905, -0.684521, 0.498506)}

Vertex 6 -0.003723 -0.744168 0.667982
    {normal=(-0.003723, -0.744168, 0.667982)
     Opos=(-0.002606, -0.520917, 0.467588)
     Onormal=(-0.003723, -0.744168, 0.667982)}

Vertex 7 0.108502 0.917743 -0.382067
    {normal=(0.108502, 0.917743, -0.382067)
     Opos=(0.075951, 0.642420, -0.267447)
     Onormal=(0.108502, 0.917743, -0.382067)}

Vertex 8 -0.257352 0.933413 0.250020
    {normal=(-0.257352, 0.933413, 0.250020)
     Opos=(-0.180146, 0.653389, 0.175014)
     Onormal=(-0.257352, 0.933413, 0.250020)}

Vertex 9 -0.041090 0.986222 -0.160242
    {normal=(-0.041090, 0.986222, -0.160242)
     Opos=(-0.028763, 0.690356, -0.112169)
     Onormal=(-0.041090, 0.986222, -0.160242)}

Vertex 10 0.765087 -0.616619 0.185535
    {normal=(0.765087, -0.616619, 0.185535)
     Opos=(0.535561, -0.431633, 0.129874)
     Onormal=(0.765087, -0.616619, 0.185535)}

Vertex 11 -0.522053 -0.614395 0.591591
    {normal=(-0.522053, -0.614395, 0.591591)
     Opos=(-0.365437, -0.430076, 0.414114)
     Onormal=(-0.522053, -0.614395, 0.591591)}

Vertex 12 -0.991664 0.047706 -0.119694
    {normal=(-0.991664, 0.047706, -0.119694)
     Opos=(-0.694165, 0.033394, -0.083786)
     Onormal=(-0.991664, 0.047706, -0.119694)}

Vertex 13 -0.696749 -0.604679 0.385880
    {normal=(-0.696749, -0.604679, 0.385880)
     Opos=(-0.487724, -0.423276, 0.270116)
     Onormal=(-0.696749, -0.604679, 0.385880)}

Vertex 14 -0.445853 0.838499 -0.313266
    {normal=(-0.445853, 0.838499, -0.313266)
     Opos=(-0.312097, 0.586949, -0.219286)
     Onormal=(-0.445853, 0.838499, -0.313266)}

Vertex 15 0.839626 -0.257202 0.478409
    {normal=(0.839626, -0.257202, 0.478409)
     Opos=(0.587738, -0.180041, 0.334886)
     Onormal=(0.839626, -0.257202, 0.478409)}

Vertex 16 -0.177662 0.506253 0.843886
    {normal=(-0.177662, 0.506253, 0.843886)
     Opos=(-0.124363, 0.354377, 0.590720)
     Onormal=(-0.177662, 0.506253, 0.843886)}

Vertex 17 -0.950701 -0.276174 0.141052
    {normal=(-0.950701, -0.276174, 0.141052)
     Opos=(-0.665491, -0.193322, 0.098736)
     Onormal=(-0.950701, -0.276174, 0.141052)}

Vertex 18 -0.350570 -0.690531 -0.632667
    {normal=(-0.350570, -0.690531, -0.632667)
     Opos=(-0.245399, -0.483371, -0.442867)
     Onormal=(-0.350570, -0.690531, -0.632667)}

Vertex 19 -0.635483 -0.687394 -0.351639
    {normal=(-0.635483, -0.687394, -0.351639)
     Opos=(-0.444838, -0.481176, -0.246147)
     Onormal=(-0.635483, -0.687394, -0.351639)}

Vertex 20 -0.444139 -0.660479 0.605399
    {normal=(-0.444139, -0.660479, 0.605399)
     Opos=(-0.310897, -0.462335, 0.423780)
     Onormal=(-0.444139, -0.660479, 0.605399)}

Vertex 21 -0.216940 0.958916 -0.182805
    {normal=(-0.216940, 0.958916, -0.182805)
     Opos=(-0.151858, 0.671241, -0.127963)
     Onormal=(-0.216940, 0.958916, -0.182805)}

Vertex 22 0.678504 0.583954 0.445679
    {normal=(0.678504, 0.583954, 0.445679)
     Opos=(0.474953, 0.408768, 0.311975)
     Onormal=(0.678504, 0.583954, 0.445679)}

Vertex 23 0.195698 0.258020 0.946112
    {normal=(0.195698, 0.258020, 0.946112)
     Opos=(0.136989, 0.180614, 0.662278)
     Onormal=(0.195698, 0.258020, 0.946112)}

Vertex 24 0.092594 -0.963568 -0.250925
    {normal=(0.092594, -0.963568, -0.250925)
     Opos=(0.064816, -0.674498, -0.175647)
     Onormal=(0.092594, -0.963568, -0.250925)}

Vertex 25 -0.560065 0.733230 0.385617
    {normal=(-0.560065, 0.733230, 0.385617)
     Opos=(-0.392045, 0.513261, 0.269932)
     Onormal=(-0.560065, 0.733230, 0.385617)}

Vertex 26 -0.567420 -0.164949 0.806738
    {normal=(-0.567420, -0.164949, 0.806738)
     Opos=(-0.397194, -0.115465, 0.564717)
     Onormal=(-0.567420, -0.164949, 0.806738)}

Vertex 27 -0.265196 0.963136 -0.045168
    {normal=(-0.265196, 0.963136, -0.045168)
     Opos=(-0.185637, 0.674195, -0.031618)
     Onormal=(-0.265196, 0.963136, -0.045168)}

Vertex 28 0.589480 -0.749788 0.300551
    {normal=(0.589480, -0.749788, 0.300551)
     Opos=(0.412636, -0.524851, 0.210386)
     Onormal=(0.589480, -0.749788, 0.300551)}

Vertex 29 0.313089 -0.784240 0.535670
    {normal=(0.313089, -0.784240, 0.535670)
     Opos=(0.219162, -0.548968, 0.374969)
     Onormal=(0.313089, -0.784240, 0.535670)}

Vertex 30 -0.703044 0.409225 -0.581605
    {normal=(-0.703044, 0.409225, -0.581605)
     Opos=(-0.492131, 0.286458, -0.407123)
     Onormal=(-0.703044, 0.409225, -0.581605)}

Vertex 31 -0.145057 -0.796608 0.586834
    {normal=(-0.145057, -0.796608, 0.586834)
     Opos=(-0.101540, -0.557626, 0.410783)
     Onormal=(-0.145057, -0.796608, 0.586834)}

Vertex 32 0.818225 -0.429281 0.382395
    {normal=(0.818225, -0.429281, 0.382395)
     Opos=(0.572757, -0.300497, 0.267676)
     Onormal=(0.818225, -0.429281, 0.382395)}

Vertex 33 0.503922 -0.772426 -0.386549
    {normal=(0.503922, -0.772426, -0.386549)
     Opos=(0.352745, -0.540698, -0.270585)
     Onormal=(0.503922, -0.772426, -0.386549)}

Vertex 34 -0.712389 -0.663408 0.228891
    {normal=(-0.712389, -0.663408, 0.228891)
     Opos=(-0.498672, -0.464386, 0.160224)
     Onormal=(-0.712389, -0.663408, 0.228891)}

Vertex 35 -0.780829 -0.599307 0.176456
    {normal=(-0.780829, -0.599307, 0.176456)
     Opos=(-0.546580, -0.419515, 0.123519)
     Onormal=(-0.780829, -0.599307, 0.176456)}

Vertex 36 0.869690 -0.472417 0.143044
    {normal=(0.869690, -0.472417, 0.143044)
     Opos=(0.608783, -0.330692, 0.100131)
     Onormal=(0.869690, -0.472417, 0.143044)}

Vertex 37 -0.963782 -0.204354 -0.171358
    {normal=(-0.963782, -0.204354, -0.171358)
     Opos=(-0.674647, -0.143048, -0.119951)
     Onormal=(-0.963782, -0.204354, -0.171358)}

Vertex 38 -0.232929 -0.468490 0.852209
    {normal=(-0.232929, -0.468490, 0.852209)
     Opos=(-0.163050, -0.327943, 0.596547)
     Onormal=(-0.232929, -0.468490, 0.852209)}

Vertex 39 0.269663 0.204131 -0.941070
    {normal=(0.269663, 0.204131, -0.941070)
     Opos=(0.188764, 0.142892, -0.658749)
     Onormal=(0.269663, 0.204131, -0.941070)}

Vertex 40 -0.290267 0.800420 0.524474
    {normal=(-0.290267, 0.800420, 0.524474)
     Opos=(-0.203187, 0.560294, 0.367132)
     Onormal=(-0.290267, 0.800420, 0.524474)}

Vertex 41 -0.489965 -0.414946 0.766651
    {normal=(-0.489965, -0.414946, 0.766651)
     Opos=(-0.342975, -0.290462, 0.536656)
     Onormal=(-0.489965, -0.414946, 0.766651)}

Vertex 42 0.750369 -0.632925 -0.190659
    {normal=(0.750369, -0.632925, -0.190659)
     Opos=(0.525259, -0.443048, -0.133462)
     Onormal=(0.750369, -0.632925, -0.190659)}

Vertex 43 0.422780 -0.886031 0.190279
    {normal=(0.422780, -0.886031, 0.190279)
     Opos=(0.295946, -0.620222, 0.133196)
     Onormal=(0.422780, -0.886031, 0.190279)}

Vertex 44 -0.297787 -0.943035 0.148352
    {normal=(-0.297787, -0.943035, 0.148352)
     Opos=(-0.208451, -0.660124, 0.103846)
     Onormal=(-0.297787, -0.943035, 0.148352)}

Vertex 45 -0.556406 0.782070 -0.280675
    {normal=(-0.556406, 0.782070, -0.280675)
     Opos=(-0.389485, 0.547449, -0.196473)
     Onormal=(-0.556406, 0.782070, -0.280675)}

Vertex 46 -0.690258 0.708065 -0.148957
    {normal=(-0.690258, 0.708065, -0.148957)
     Opos=(-0.483180, 0.495646, -0.104270)
     Onormal=(-0.690258, 0.708065, -0.148957)}

Vertex 47 -0.756455 0.653342 0.030332
    {normal=(-0.756455, 0.653342, 0.030332)
     Opos=(-0.529518, 0.457340, 0.021232)
     Onormal=(-0.756455, 0.653342, 0.030332)}

Vertex 48 -0.506031 0.807730 -0.302498
    {normal=(-0.506031, 0.807730, -0.302498)
     Opos=(-0.354222, 0.565411, -0.211749)
     Onormal=(-0.506031, 0.807730, -0.302498)}

Vertex 49 -0.793026 -0.592031 -0.143560
    {normal=(-0.793026, -0.592031, -0.143560)
     Opos=(-0.555118, -0.414422, -0.100492)
     Onormal=(-0.793026, -0.592031, -0.143560)}

Vertex 50 0.330113 -0.662890 0.672014
    {normal=(0.330113, -0.662890, 0.672014)
     Opos=(0.231079, -0.464023, 0.470410)
     Onormal=(0.330113, -0.662890, 0.672014)}

Vertex 51 -0.560380 0.819365 -0.120895
    {normal=(-0.560380, 0.819365, -0.120895)
     Opos=(-0.392266, 0.573556, -0.084626)
     Onormal=(-0.560380, 0.819365, -0.120895)}

Vertex 52 0.550578 0.834076 -0.034379
    {normal=(0.550578, 0.834076, -0.034379)
     Opos=(0.385404, 0.583853, -0.024065)
     Onormal=(0.550578, 0.834076, -0.034379)}

Vertex 53 0.167740 -0.928597 -0.331014
    {normal=(0.167740, -0.928597, -0.331014)
     Opos=(0.117418, -0.650018, -0.231710)
     Onormal=(0.167740, -0.928597, -0.331014)}

Vertex 54 0.155003 -0.836568 0.525478
    {normal=(0.155003, -0.836568, 0.525478)
     Opos=(0.108502, -0.585598, 0.367835)
     Onormal=(0.155003, -0.836568, 0.525478)}

Vertex 55 -0.679522 -0.724237 -0.117176
    {normal=(-0.679522, -0.724237, -0.117176)
     Opos=(-0.475665, -0.506966, -0.082023)
     Onormal=(-0.679522, -0.724237, -0.117176)}

Vertex 56 0.832702 0.083021 0.547462
    {normal=(0.832702, 0.083021, 0.547462)
     Opos=(0.582892, 0.058115, 0.383223)
     Onormal=(0.832702, 0.083021, 0.547462)}

Vertex 57 0.113660 -0.564211 -0.817770
    {normal=(0.113660, -0.564211, -0.817770)
     Opos=(0.079562, -0.394948, -0.572439)
     Onormal=(0.113660, -0.564211, -0.817770)}

Vertex 58 -0.610100 0.356022 0.707831
    {normal=(-0.610100, 0.356022, 0.707831)
     Opos=(-0.427070, 0.249216, 0.495482)
     Onormal=(-0.610100, 0.356022, 0.707831)}

Vertex 59 -0.636665 0.669286 0.383033
    {normal=(-0.636665, 0.669286, 0.383033)
     Opos=(-0.445666, 0.468500, 0.268123)
     Onormal=(-0.636665, 0.669286, 0.383033)}

Vertex 60 0.705276 -0.706084 -0.063490
    {normal=(0.705276, -0.706084, -0.063490)
     Opos=(0.493693, -0.494259, -0.044443)
     Onormal=(0.705276, -0.706084, -0.063490)}

Vertex 61 -0.399172 -0.897723 0.186427
    {normal=(-0.399172, -0.897723, 0.186427)
     Opos=(-0.279420, -0.628406, 0.130499)
     Onormal=(-0.399172, -0.897723, 0.186427)}

Vertex 62 -0.325621 -0.827299 -0.457764
    {normal=(-0.325621, -0.827299, -0.457764)
     Opos=(-0.227935, -0.579109, -0.320435)
     Onormal=(-0.325621, -0.827299, -0.457764)}

Vertex 63 -0.531251 0.186912 0.826339
    {normal=(-0.531251, 0.186912, 0.826339)
     Opos=(-0.371875, 0.130838, 0.578438)
     Onormal=(-0.531251, 0.186912, 0.826339)}

Vertex 64 0.873498 0.400421 -0.276884
    {normal=(0.873498, 0.400421, -0.276884)
     Opos=(0.611448, 0.280295, -0.193819)
     Onormal=(0.873498, 0.400421, -0.276884)}

Vertex 65 -0.348761 -0.906714 -0.237140
    {normal=(-0.348761, -0.906714, -0.237140)
     Opos=(-0.244133, -0.634700, -0.165998)
     Onormal=(-0.348761, -0.906714, -0.237140)}

Vertex 66 0.657494 0.079046 0.749302
    {normal=(0.657494, 0.079046, 0.749302)
     Opos=(0.460246, 0.055332, 0.524512)
     Onormal=(0.657494, 0.079046, 0.749302)}

Vertex 67 -0.580884 -0.184301 -0.792847
    {normal=(-0.580884, -0.184301, -0.792847)
     Opos=(-0.406619, -0.129011, -0.554993)
     Onormal=(-0.580884, -0.184301, -0.792847)}

Vertex 68 0.762966 -0.122404 -0.634744
    {normal=(0.762966, -0.122404, -0.634744)
     Opos=(0.534076, -0.085683, -0.444321)
     Onormal=(0.762966, -0.122404, -0.634744)}

Vertex 69 -0.535907 -0.799004 -0.272758
    {normal=(-0.535907, -0.799004, -0.272758)
     Opos=(-0.375135, -0.559303, -0.190931)
     Onormal=(-0.535907, -0.799004, -0.272758)}

Vertex 70 0.145085 -0.988822 -0.034361
    {normal=(0.145085, -0.988822, -0.034361)
     Opos=(0.101560, -0.692176, -0.024053)
     Onormal=(0.145085, -0.988822, -0.034361)}

Vertex 71 -0.167350 0.984760 0.047342
    {normal=(-0.167350, 0.984760, 0.047342)
     Opos=(-0.117145, 0.689332, 0.033139)
     Onormal=(-0.167350, 0.984760, 0.047342)}

Vertex 72 -0.856687 0.105707 -0.504889
    {normal=(-0.856687, 0.105707, -0.504889)
     Opos=(-0.599681, 0.073995, -0.353422)
     Onormal=(-0.856687, 0.105707, -0.504889)}

Vertex 73 0.985995 -0.064754 -0.153692
    {normal=(0.985995, -0.064754, -0.153692)
     Opos=(0.690196, -0.045328, -0.107585)
     Onormal=(0.985995, -0.064754, -0.153692)}

Vertex 74 -0.518147 -0.822450 0.234732
    {normal=(-0.518147, -0.822450, 0.234732)
     Opos=(-0.362703, -0.575715, 0.164312)
     Onormal=(-0.518147, -0.822450, 0.234732)}

Vertex 75 -0.502302 0.624077 -0.598516
    {normal=(-0.502302, 0.624077, -0.598516)
     Opos=(-0.351611, 0.436854, -0.418961)
     Onormal=(-0.502302, 0.624077, -0.598516)}

Vertex 76 0.629001 0.578643 -0.519162
    {normal=(0.629001, 0.578643, -0.519162)
     Opos=(0.440301, 0.405050, -0.363413)
     Onormal=(0.629001, 0.578643, -0.519162)}

Vertex 77 -0.423139 0.900272 -0.102295
    {normal=(-0.423139, 0.900272, -0.102295)
     Opos=(-0.296197, 0.630190, -0.071606)
     Onormal=(-0.423139, 0.900272, -0.102295)}

Vertex 78 -0.469042 0.871333 -0.144146
    {normal=(-0.469042, 0.871333, -0.144146)
     Opos=(-0.328330, 0.609933, -0.100902)
     Onormal=(-0.469042, 0.871333, -0.144146)}

Vertex 79 -0.497292 0.844835 -0.197367
    {normal=(-0.497292, 0.844835, -0.197367)
     Opos=(-0.348104, 0.591385, -0.138157)
     Onormal=(-0.497292, 0.844835, -0.197367)}

Vertex 80 0.795773 0.068282 -0.601734
    {normal=(0.795773, 0.068282, -0.601734)
     Opos=(0.557041, 0.047797, -0.421214)
     Onormal=(0.795773, 0.068282, -0.601734)}

Vertex 81 0.168150 -0.413846 0.894683
    {normal=(0.168150, -0.413846, 0.894683)
     Opos=(0.117705, -0.289692, 0.626278)
     Onormal=(0.168150, -0.413846, 0.894683)}

Vertex 82 -0.387102 0.164581 -0.907229
    {normal=(-0.387102, 0.164581, -0.907229)
     Opos=(-0.270971, 0.115207, -0.635061)
     Onormal=(-0.387102, 0.164581, -0.907229)}

Vertex 83 -0.870839 -0.418963 0.257117
    {normal=(-0.870839, -0.418963, 0.257117)
     Opos=(-0.609588, -0.293274, 0.179982)
     Onormal=(-0.870839, -0.418963, 0.257117)}

Vertex 84 0.325830 -0.509909 0.796133
    {normal=(0.325830, -0.509909, 0.796133)
     Opos=(0.228081, -0.356937, 0.557293)
     Onormal=(0.325830, -0.509909, 0.796133)}

Vertex 85 -0.694689 0.718643 0.030967
    {normal=(-0.694689, 0.718643, 0.030967)
     Opos=(-0.486282, 0.503050, 0.021677)
     Onormal=(-0.694689, 0.718643, 0.030967)}

Vertex 86 0.317675 0.016116 0.948063
    {normal=(0.317675, 0.016116, 0.948063)
     Opos=(0.222372, 0.011281, 0.663644)
     Onormal=(0.317675, 0.016116, 0.948063)}

Vertex 87 -0.550109 0.687327 0.474302
    {normal=(-0.550109, 0.687327, 0.474302)
     Opos=(-0.385076, 0.481129, 0.332011)
     Onormal=(-0.550109, 0.687327, 0.474302)}

Vertex 88 -0.576160 0.816253 -0.042080
    {normal=(-0.576160, 0.816253, -0.042080)
     Opos=(-0.403312, 0.571377, -0.029456)
     Onormal=(-0.576160, 0.816253, -0.042080)}

Vertex 89 -0.260922 0.957559 -0.122475
    {normal=(-0.260922, 0.957559, -0.122475)
     Opos=(-0.182645, 0.670291, -0.085733)
     Onormal=(-0.260922, 0.957559, -0.122475)}

Vertex 90 0.959893 0.213202 -0.182072
    {normal=(0.959893, 0.213202, -0.182072)
     Opos=(0.671925, 0.149241, -0.127451)
     Onormal=(0.959893, 0.213202, -0.182072)}

Vertex 91 0.898134 -0.134481 -0.418652
    {normal=(0.898134, -0.134481, -0.418652)
     Opos=(0.628694, -0.094137, -0.293056)
     Onormal=(0.898134, -0.134481, -0.418652)}

Vertex 92 -0.724088 0.600313 0.339589
    {normal=(-0.724088, 0.600313, 0.339589)
     Opos=(-0.506862, 0.420219, 0.237712)
     Onormal=(-0.724088, 0.600313, 0.339589)}

Vertex 93 0.592201 -0.788041 -0.168195
    {normal=(0.592201, -0.788041, -0.168195)
     Opos=(0.414540, -0.551629, -0.117737)
     Onormal=(0.592201, -0.788041, -0.168195)}

Vertex 94 0.335651 -0.328257 0.882941
    {normal=(0.335651, -0.328257, 0.882941)
     Opos=(0.234956, -0.229780, 0.618059)
     Onormal=(0.335651, -0.328257, 0.882941)}

Vertex 95 -0.783795 0.165454 0.598574
    {normal=(-0.783795, 0.165454, 0.598574)
     Opos=(-0.548656, 0.115818, 0.419002)
     Onormal=(-0.783795, 0.165454, 0.598574)}

Vertex 96 -0.951170 0.049000 0.304755
    {normal=(-0.951170, 0.049000, 0.304755)
     Opos=(-0.665819, 0.034300, 0.213328)
     Onormal=(-0.951170, 0.049000, 0.304755)}

Vertex 97 0.740696 0.661066 0.119836
    {normal=(0.740696, 0.661066, 0.119836)
     Opos=(0.518487, 0.462746, 0.083885)
     Onormal=(0.740696, 0.661066, 0.119836)}

Vertex 98 -0.507989 -0.860805 -0.031016
    {normal=(-0.507989, -0.860805, -0.031016)
     Opos=(-0.355593, -0.602563, -0.021711)
     Onormal=(-0.507989, -0.860805, -0.031016)}

Vertex 99 -0.665315 0.726539 -0.171747
    {normal=(-0.665315, 0.726539, -0.171747)
     Opos=(-0.465720, 0.508577, -0.120223)
     Onormal=(-0.665315, 0.726539, -0.171747)}

Vertex 100 -0.533041 0.772234 -0.345719
    {normal=(-0.533041, 0.772234, -0.345719)
     Opos=(-0.373129, 0.540564, -0.242003)
     Onormal=(-0.533041, 0.772234, -0.345719)}

Vertex 101 -0.393710 -0.799678 0.453330
    {normal=(-0.393710, -0.799678, 0.453330)
     Opos=(-0.275597, -0.559774, 0.317331)
     Onormal=(-0.393710, -0.799678, 0.453330)}

Vertex 102 0.531302 0.202026 0.822742
    {normal=(0.531302, 0.202026, 0.822742)
     Opos=(0.371911, 0.141418, 0.575919)
     Onormal=(0.531302, 0.202026, 0.822742)}

Vertex 103 0.447709 -0.080827 -0.890519
    {normal=(0.447709, -0.080827, -0.890519)
     Opos=(0.313396, -0.056579, -0.623363)
     Onormal=(0.447709, -0.080827, -0.890519)}

Vertex 104 0.833074 -0.552659 -0.023574
    {normal=(0.833074, -0.552659, -0.023574)
     Opos=(0.583152, -0.386861, -0.016502)
     Onormal=(0.833074, -0.552659, -0.023574)}

Vertex 105 -0.145725 -0.430349 0.890822
    {normal=(-0.145725, -0.430349, 0.890822)
     Opos=(-0.102008, -0.301244, 0.623576)
     Onormal=(-0.145725, -0.430349, 0.890822)}

Vertex 106 -0.628771 0.728687 0.271409
    {normal=(-0.628771, 0.728687, 0.271409)
     Opos=(-0.440140, 0.510081, 0.189986)
     Onormal=(-0.628771, 0.728687, 0.271409)}

Vertex 107 -0.340952 0.084484 0.936277
    {normal=(-0.340952, 0.084484, 0.936277)
     Opos=(-0.238666, 0.059139, 0.655394)
     Onormal=(-0.340952, 0.084484, 0.936277)}

Vertex 108 0.219418 -0.970632 0.098638
    {normal=(0.219418, -0.970632, 0.098638)
     Opos=(0.153592, -0.679442, 0.069046)
     Onormal=(0.219418, -0.970632, 0.098638)}

Vertex 109 0.921457 -0.387367 0.029390
    {normal=(0.921457, -0.387367, 0.029390)
     Opos=(0.645020, -0.271157, 0.020573)
     Onormal=(0.921457, -0.387367, 0.029390)}

Vertex 110 0.809143 -0.577619 -0.107907
    {normal=(0.809143, -0.577619, -0.107907)
     Opos=(0.566400, -0.404333, -0.075535)
     Onormal=(0.809143, -0.577619, -0.107907)}

Vertex 111 -0.305060 -0.532909 -0.789269
    {normal=(-0.305060, -0.532909, -0.789269)
     Opos=(-0.213542, -0.373036, -0.552489)
     Onormal=(-0.305060, -0.532909, -0.789269)}

Vertex 112 0.948731 -0.160467 0.272322
    {normal=(0.948731, -0.160467, 0.272322)
     Opos=(0.664112, -0.112327, 0.190625)
     Onormal=(0.948731, -0.160467, 0.272322)}

Vertex 113 -0.728677 -0.669354 0.144897
    {normal=(-0.728677, -0.669354, 0.144897)
     Opos=(-0.510074, -0.468547, 0.101428)
     Onormal=(-0.728677, -0.669354, 0.144897)}

Vertex 114 0.976907 0.172587 0.125962
    {normal=(0.976907, 0.172587, 0.125962)
     Opos=(0.683835, 0.120811, 0.088173)
     Onormal=(0.976907, 0.172587, 0.125962)}

Vertex 115 -0.628155 0.758431 -0.173790
    {normal=(-0.628155, 0.758431, -0.173790)
     Opos=(-0.439709, 0.530902, -0.121653)
     Onormal=(-0.628155, 0.758431, -0.173790)}

Vertex 116 -0.586707 0.786414 -0.193205
    {normal=(-0.586707, 0.786414, -0.193205)
     Opos=(-0.410695, 0.550490, -0.135244)
     Onormal=(-0.586707, 0.786414, -0.193205)}

Vertex 117 0.701344 -0.548756 0.454955
    {normal=(0.701344, -0.548756, 0.454955)
     Opos=(0.490941, -0.384129, 0.318468)
     Onormal=(0.701344, -0.548756, 0.454955)}

Vertex 118 -0.162291 0.986346 -0.027990
    {normal=(-0.162291, 0.986346, -0.027990)
     Opos=(-0.113604, 0.690442, -0.019593)
     Onormal=(-0.162291, 0.986346, -0.027990)}

Vertex 119 -0.095184 0.982573 -0.159657
    {normal=(-0.095184, 0.982573, -0.159657)
     Opos=(-0.066629, 0.687801, -0.111760)
     Onormal=(-0.095184, 0.982573, -0.159657)}

Vertex 120 -0.293310 -0.111921 0.949443
    {normal=(-0.293310, -0.111921, 0.949443)
     Opos=(-0.205317, -0.078345, 0.664610)
     Onormal=(-0.293310, -0.111921, 0.949443)}

Vertex 121 0.893600 0.362943 0.264105
    {normal=(0.893600, 0.362943, 0.264105)
     Opos=(0.625520, 0.254060, 0.184874)
     Onormal=(0.893600, 0.362943, 0.264105)}

Vertex 122 -0.615658 -0.659810 0.430832
    {normal=(-0.615658, -0.659810, 0.430832)
     Opos=(-0.430960, -0.461867, 0.301583)
     Onormal=(-0.615658, -0.659810, 0.430832)}

Vertex 123 -0.398039 0.814184 0.422693
    {normal=(-0.398039, 0.814184, 0.422693)
     Opos=(-0.278627, 0.569929, 0.295885)
     Onormal=(-0.398039, 0.814184, 0.422693)}

Vertex 124 0.796289 -0.603013 0.047950
    {normal=(0.796289, -0.603013, 0.047950)
     Opos=(0.557402, -0.422109, 0.033565)
     Onormal=(0.796289, -0.603013, 0.047950)}

Vertex 125 -0.946952 0.253446 0.197604
    {normal=(-0.946952, 0.253446, 0.197604)
     Opos=(-0.662866, 0.177412, 0.138323)
     Onormal=(-0.946952, 0.253446, 0.197604)}

Vertex 126 -0.825704 -0.532671 0.185675
    {normal=(-0.825704, -0.532671, 0.185675)
     Opos=(-0.577993, -0.372870, 0.129972)
     Onormal=(-0.825704, -0.532671, 0.185675)}

Vertex 127 0.426709 -0.331097 -0.841602
    {normal=(0.426709, -0.331097, -0.841602)
     Opos=(0.298696, -0.231768, -0.589121)
     Onormal=(0.426709, -0.331097, -0.841602)}

Vertex 128 -0.635142 -0.564798 0.526876
    {normal=(-0.635142, -0.564798, 0.526876)
     Opos=(-0.444599, -0.395359, 0.368813)
     Onormal=(-0.635142, -0.564798, 0.526876)}

Vertex 129 0.202423 -0.211446 0.956198
    {normal=(0.202423, -0.211446, 0.956198)
     Opos=(0.141696, -0.148012, 0.669339)
     Onormal=(0.202423, -0.211446, 0.956198)}

Vertex 130 -0.819019 -0.518244 -0.246235
    {normal=(-0.819019, -0.518244, -0.246235)
     Opos=(-0.573313, -0.362771, -0.172364)
     Onormal=(-0.819019, -0.518244, -0.246235)}

Vertex 131 0.496635 -0.867900 0.010203
    {normal=(0.496635, -0.867900, 0.010203)
     Opos=(0.347644, -0.607530, 0.007142)
     Onormal=(0.496635, -0.867900, 0.010203)}

Vertex 132 -0.674501 -0.643866 0.361228
    {normal=(-0.674501, -0.643866, 0.361228)
     Opos=(-0.472150, -0.450706, 0.252859)
     Onormal=(-0.674501, -0.643866, 0.361228)}

Vertex 133 -0.796924 0.570711 0.197991
    {normal=(-0.796924, 0.570711, 0.197991)
     Opos=(-0.557847, 0.399498, 0.138593)
     Onormal=(-0.796924, 0.570711, 0.197991)}

Vertex 134 -0.445503 0.840783 0.307588
    {normal=(-0.445503, 0.840783, 0.307588)
     Opos=(-0.311852, 0.588548, 0.215312)
     Onormal=(-0.445503, 0.840783, 0.307588)}

Vertex 135 -0.209433 0.977136 -0.036634
    {normal=(-0.209433, 0.977136, -0.036634)
     Opos=(-0.146603, 0.683996, -0.025644)
     Onormal=(-0.209433, 0.977136, -0.036634)}

Vertex 136 -0.719209 0.645963 0.255871
    {normal=(-0.719209, 0.645963, 0.255871)
     Opos=(-0.503447, 0.452174, 0.179109)
     Onormal=(-0.719209, 0.645963, 0.255871)}

Vertex 137 0.909085 -0.391393 -0.142745
    {normal=(0.909085, -0.391393, -0.142745)
     Opos=(0.636359, -0.273975, -0.099921)
     Onormal=(0.909085, -0.391393, -0.142745)}

Vertex 138 -0.025610 -0.897160 -0.440963
    {normal=(-0.025610, -0.897160, -0.440963)
     Opos=(-0.017927, -0.628012, -0.308674)
     Onormal=(-0.025610, -0.897160, -0.440963)}

Vertex 139 -0.455591 -0.422170 -0.783715
    {normal=(-0.455591, -0.422170, -0.783715)
     Opos=(-0.318914, -0.295519, -0.548601)
     Onormal=(-0.455591, -0.422170, -0.783715)}

Vertex 140 0.118473 -0.401681 -0.908084
    {normal=(0.118473, -0.401681, -0.908084)
     Opos=(0.082931, -0.281177, -0.635659)
     Onormal=(0.118473, -0.401681, -0.908084)}

Vertex 141 0.186462 -0.900938 0.391846
    {normal=(0.186462, -0.900938, 0.391846)
     Opos=(0.130524, -0.630656, 0.274292)
     Onormal=(0.186462, -0.900938, 0.391846)}

Vertex 142 -0.478485 -0.724597 -0.495995
    {normal=(-0.478485, -0.724597, -0.495995)
     Opos=(-0.334939, -0.507218, -0.347197)
     Onormal=(-0.478485, -0.724597, -0.495995)}

Vertex 143 0.892470 -0.325837 -0.311975
    {normal=(0.892470, -0.325837, -0.311975)
     Opos=(0.624729, -0.228086, -0.218382)
     Onormal=(0.892470, -0.325837, -0.311975)}

Vertex 144 -0.433586 0.900411 0.035550
    {normal=(-0.433586, 0.900411, 0.035550)
     Opos=(-0.303510, 0.630288, 0.024885)
     Onormal=(-0.433586, 0.900411, 0.035550)}

Vertex 145 -0.350800 -0.345114 0.870538
    {normal=(-0.350800, -0.345114, 0.870538)
     Opos=(-0.245560, -0.241579, 0.609377)
     Onormal=(-0.350800, -0.345114, 0.870538)}

Vertex 146 0.567048 -0.484112 -0.666403
    {normal=(0.567048, -0.484112, -0.666403)
     Opos=(0.396933, -0.338879, -0.466482)
     Onormal=(0.567048, -0.484112, -0.666403)}

Vertex 147 0.048175 0.064165 0.996776
    {normal=(0.048175, 0.064165, 0.996776)
     Opos=(0.033723, 0.044915, 0.697743)
     Onormal=(0.048175, 0.064165, 0.996776)}

Vertex 148 -0.763074 0.545893 0.346003
    {normal=(-0.763074, 0.545893, 0.346003)
     Opos=(-0.534152, 0.382125, 0.242202)
     Onormal=(-0.763074, 0.545893, 0.346003)}

Vertex 149 -0.150561 -0.779294 -0.608303
    {normal=(-0.150561, -0.779294, -0.608303)
     Opos=(-0.105393, -0.545506, -0.425812)
     Onormal=(-0.150561, -0.779294, -0.608303)}

Vertex 150 0.193770 0.887143 0.418845
    {normal=(0.193770, 0.887143, 0.418845)
     Opos=(0.135639, 0.621000, 0.293192)
     Onormal=(0.193770, 0.887143, 0.418845)}

Vertex 151 0.873503 -0.411761 0.259703
    {normal=(0.873503, -0.411761, 0.259703)
     Opos=(0.611452, -0.288233, 0.181792)
     Onormal=(0.873503, -0.411761, 0.259703)}

Vertex 152 0.785556 -0.084126 0.613045
    {normal=(0.785556, -0.084126, 0.613045)
     Opos=(0.549889, -0.058888, 0.429132)
     Onormal=(0.785556, -0.084126, 0.613045)}

Vertex 153 0.123292 -0.599812 0.790585
    {normal=(0.123292, -0.599812, 0.790585)
     Opos=(0.086304, -0.419869, 0.553409)
     Onormal=(0.123292, -0.599812, 0.790585)}

Vertex 154 0.027698 -0.758775 -0.650763
    {normal=(0.027698, -0.758775, -0.650763)
     Opos=(0.019389, -0.531143, -0.455534)
     Onormal=(0.027698, -0.758775, -0.650763)}

Vertex 155 0.887755 0.205578 0.411860
    {normal=(0.887755, 0.205578, 0.411860)
     Opos=(0.621428, 0.143904, 0.288302)
     Onormal=(0.887755, 0.205578, 0.411860)}

Vertex 156 -0.539649 0.810377 -0.228186
    {normal=(-0.539649, 0.810377, -0.228186)
     Opos=(-0.377754, 0.567264, -0.159730)
     Onormal=(-0.539649, 0.810377, -0.228186)}

Vertex 157 -0.430636 0.600248 0.673984
    {normal=(-0.430636, 0.600248, 0.673984)
     Opos=(-0.301445, 0.420173, 0.471789)
     Onormal=(-0.430636, 0.600248, 0.673984)}

Vertex 158 -0.079219 0.650587 -0.755288
    {normal=(-0.079219, 0.650587, -0.755288)
     Opos=(-0.055453, 0.455411, -0.528702)
     Onormal=(-0.079219, 0.650587, -0.755288)}

Vertex 159 -0.875504 0.453731 0.166196
    {normal=(-0.875504, 0.453731, 0.166196)
     Opos=(-0.612853, 0.317611, 0.116337)
     Onormal=(-0.875504, 0.453731, 0.166196)}

Vertex 160 -0.361700 0.931520 -0.038007
    {normal=(-0.361700, 0.931520, -0.038007)
     Opos=(-0.253190, 0.652064, -0.026605)
     Onormal=(-0.361700, 0.931520, -0.038007)}

Vertex 161 0.059320 -0.857902 -0.510377
    {normal=(0.059320, -0.857902, -0.510377)
     Opos=(0.041524, -0.600532, -0.357264)
     Onormal=(0.059320, -0.857902, -0.510377)}

Vertex 162 -0.277482 -0.820174 -0.500318
    {normal=(-0.277482, -0.820174, -0.500318)
     Opos=(-0.194237, -0.574122, -0.350223)
     Onormal=(-0.277482, -0.820174, -0.500318)}

Vertex 163 0.338636 -0.911819 -0.232189
    {normal=(0.338636, -0.911819, -0.232189)
     Opos=(0.237045, -0.638273, -0.162532)
     Onormal=(0.338636, -0.911819, -0.232189)}

Vertex 164 -0.646604 -0.605331 0.464195
    {normal=(-0.646604, -0.605331, 0.464195)
     Opos=(-0.452623, -0.423732, 0.324937)
     Onormal=(-0.646604, -0.605331, 0.464195)}

Vertex 165 -0.346569 0.923552 0.164140
    {normal=(-0.346569, 0.923552, 0.164140)
     Opos=(-0.242598, 0.646486, 0.114898)
     Onormal=(-0.346569, 0.923552, 0.164140)}

Vertex 166 -0.672570 -0.734268 -0.092192
    {normal=(-0.672570, -0.734268, -0.092192)
     Opos=(-0.470799, -0.513988, -0.064534)
     Onormal=(-0.672570, -0.734268, -0.092192)}

Vertex 167 -0.459402 0.858013 -0.229703
    {normal=(-0.459402, 0.858013, -0.229703)
     Opos=(-0.321581, 0.600609, -0.160792)
     Onormal=(-0.459402, 0.858013, -0.229703)}

Vertex 168 -0.859506 0.503432 -0.088347
    {normal=(-0.859506, 0.503432, -0.088347)
     Opos=(-0.601654, 0.352402, -0.061843)
     Onormal=(-0.859506, 0.503432, -0.088347)}

Vertex 169 -0.449494 0.648278 0.614565
    {normal=(-0.449494, 0.648278, 0.614565)
     Opos=(-0.314646, 0.453795, 0.430196)
     Onormal=(-0.449494, 0.648278, 0.614565)}

Vertex 170 -0.184264 -0.194937 0.963352
    {normal=(-0.184264, -0.194937, 0.963352)
     Opos=(-0.128985, -0.136456, 0.674346)
     Onormal=(-0.184264, -0.194937, 0.963352)}

Vertex 171 -0.549934 0.831027 0.083463
    {normal=(-0.549934, 0.831027, 0.083463)
     Opos=(-0.384954, 0.581719, 0.058424)
     Onormal=(-0.549934, 0.831027, 0.083463)}

Vertex 172 -0.845197 -0.143657 -0.514786
    {normal=(-0.845197, -0.143657, -0.514786)
     Opos=(-0.591638, -0.100560, -0.360350)
     Onormal=(-0.845197, -0.143657, -0.514786)}

Vertex 173 -0.630571 -0.458724 0.626061
    {normal=(-0.630571, -0.458724, 0.626061)
     Opos=(-0.441400, -0.321107, 0.438243)
     Onormal=(-0.630571, -0.458724, 0.626061)}

Vertex 174 0.384669 0.167457 0.907738
    {normal=(0.384669, 0.167457, 0.907738)
     Opos=(0.269268, 0.117220, 0.635416)
     Onormal=(0.384669, 0.167457, 0.907738)}

Vertex 175 -0.624633 0.553836 0.550545
    {normal=(-0.624633, 0.553836, 0.550545)
     Opos=(-0.437243, 0.387685, 0.385381)
     Onormal=(-0.624633, 0.553836, 0.550545)}

Vertex 176 0.989669 -0.139400 0.033501
    {normal=(0.989669, -0.139400, 0.033501)
     Opos=(0.692769, -0.097580, 0.023450)
     Onormal=(0.989669, -0.139400, 0.033501)}

Vertex 177 -0.205772 -0.904543 -0.373444
    {normal=(-0.205772, -0.904543, -0.373444)
     Opos=(-0.144040, -0.633180, -0.261411)
     Onormal=(-0.205772, -0.904543, -0.373444)}

Vertex 178 0.601920 -0.388624 0.697613
    {normal=(0.601920, -0.388624, 0.697613)
     Opos=(0.421344, -0.272037, 0.488329)
     Onormal=(0.601920, -0.388624, 0.697613)}

Vertex 179 -0.531078 0.831611 -0.162416
    {normal=(-0.531078, 0.831611, -0.162416)
     Opos=(-0.371754, 0.582128, -0.113691)
     Onormal=(-0.531078, 0.831611, -0.162416)}

Vertex 180 0.629602 0.402540 0.664502
    {normal=(0.629602, 0.402540, 0.664502)
     Opos=(0.440721, 0.281778, 0.465152)
     Onormal=(0.629602, 0.402540, 0.664502)}

Vertex 181 -0.735891 -0.676157 -0.035719
    {normal=(-0.735891, -0.676157, -0.035719)
     Opos=(-0.515124, -0.473310, -0.025003)
     Onormal=(-0.735891, -0.676157, -0.035719)}

Vertex 182 0.014696 -0.215314 0.976434
    {normal=(0.014696, -0.215314, 0.976434)
     Opos=(0.010287, -0.150720, 0.683504)
     Onormal=(0.014696, -0.215314, 0.976434)}

Vertex 183 0.219321 -0.227541 -0.948748
    {normal=(0.219321, -0.227541, -0.948748)
     Opos=(0.153525, -0.159279, -0.664124)
     Onormal=(0.219321, -0.227541, -0.948748)}

Vertex 184 -0.296292 -0.577095 0.761034
    {normal=(-0.296292, -0.577095, 0.761034)
     Opos=(-0.207404, -0.403967, 0.532724)
     Onormal=(-0.296292, -0.577095, 0.761034)}

Vertex 185 -0.652574 0.608460 0.451579
    {normal=(-0.652574, 0.608460, 0.451579)
     Opos=(-0.456802, 0.425922, 0.316106)
     Onormal=(-0.652574, 0.608460, 0.451579)}

Vertex 186 -0.216727 0.969873 -0.111249
    {normal=(-0.216727, 0.969873, -0.111249)
     Opos=(-0.151709, 0.678911, -0.077875)
     Onormal=(-0.216727, 0.969873, -0.111249)}

Vertex 187 -0.136273 0.979570 -0.147892
    {normal=(-0.136273, 0.979570, -0.147892)
     Opos=(-0.095391, 0.685699, -0.103524)
     Onormal=(-0.136273, 0.979570, -0.147892)}

Vertex 188 -0.318831 -0.752581 -0.576167
    {normal=(-0.318831, -0.752581, -0.576167)
     Opos=(-0.223182, -0.526807, -0.403317)
     Onormal=(-0.318831, -0.752581, -0.576167)}

Vertex 189 -0.375978 0.905377 -0.197313
    {normal=(-0.375978, 0.905377, -0.197313)
     Opos=(-0.263185, 0.633764, -0.138119)
     Onormal=(-0.375978, 0.905377, -0.197313)}

Vertex 190 -0.899449 0.384793 -0.207186
    {normal=(-0.899449, 0.384793, -0.207186)
     Opos=(-0.629614, 0.269355, -0.145030)
     Onormal=(-0.899449, 0.384793, -0.207186)}

Vertex 191 -0.705000 -0.368929 -0.605695
    {normal=(-0.705000, -0.368929, -0.605695)
     Opos=(-0.493500, -0.258250, -0.423987)
     Onormal=(-0.705000, -0.368929, -0.605695)}

Vertex 192 -0.396356 0.916803 -0.048724
    {normal=(-0.396356, 0.916803, -0.048724)
     Opos=(-0.277449, 0.641762, -0.034107)
     Onormal=(-0.396356, 0.916803, -0.048724)}

Vertex 193 0.553445 -0.154051 0.818515
    {normal=(0.553445, -0.154051, 0.818515)
     Opos=(0.387412, -0.107836, 0.572961)
     Onormal=(0.553445, -0.154051, 0.818515)}

Vertex 194 0.779192 -0.263599 -0.568661
    {normal=(0.779192, -0.263599, -0.568661)
     Opos=(0.545434, -0.184519, -0.398063)
     Onormal=(0.779192, -0.263599, -0.568661)}

Vertex 195 0.911881 -0.335918 0.235864
    {normal=(0.911881, -0.335918, 0.235864)
     Opos=(0.638317, -0.235143, 0.165105)
     Onormal=(0.911881, -0.335918, 0.235864)}

Vertex 196 -0.314587 0.944187 -0.097704
    {normal=(-0.314587, 0.944187, -0.097704)
     Opos=(-0.220211, 0.660931, -0.068393)
     Onormal=(-0.314587, 0.944187, -0.097704)}

Vertex 197 0.005664 -0.995744 0.091990
    {normal=(0.005664, -0.995744, 0.091990)
     Opos=(0.003965, -0.697021, 0.064393)
     Onormal=(0.005664, -0.995744, 0.091990)}

Vertex 198 0.393323 -0.858481 -0.329100
    {normal=(0.393323, -0.858481, -0.329100)
     Opos=(0.275326, -0.600937, -0.230370)
     Onormal=(0.393323, -0.858481, -0.329100)}

Vertex 199 0.308002 0.685733 0.659474
    {normal=(0.308002, 0.685733, 0.659474)
     Opos=(0.215601, 0.480013, 0.461632)
     Onormal=(0.308002, 0.685733, 0.659474)}

Vertex 200 -0.223467 0.946336 -0.233473
    {normal=(-0.223467, 0.946336, -0.233473)
     Opos=(-0.156427, 0.662436, -0.163431)
     Onormal=(-0.223467, 0.946336, -0.233473)}

Vertex 201 -0.939508 0.302362 -0.160939
    {normal=(-0.939508, 0.302362, -0.160939)
     Opos=(-0.657656, 0.211654, -0.112657)
     Onormal=(-0.939508, 0.302362, -0.160939)}

Vertex 202 -0.432038 -0.647534 -0.627728
    {normal=(-0.432038, -0.647534, -0.627728)
     Opos=(-0.302427, -0.453274, -0.439410)
     Onormal=(-0.432038, -0.647534, -0.627728)}

Vertex 203 -0.220024 0.937258 -0.270439
    {normal=(-0.220024, 0.937258, -0.270439)
     Opos=(-0.154017, 0.656080, -0.189308)
     Onormal=(-0.220024, 0.937258, -0.270439)}

Vertex 204 0.830965 -0.491430 0.260757
    {normal=(0.830965, -0.491430, 0.260757)
     Opos=(0.581675, -0.344001, 0.182530)
     Onormal=(0.830965, -0.491430, 0.260757)}

Vertex 205 0.948660 0.046536 0.312855
    {normal=(0.948660, 0.046536, 0.312855)
     Opos=(0.664062, 0.032575, 0.218999)
     Onormal=(0.948660, 0.046536, 0.312855)}

Vertex 206 -0.566476 0.820594 -0.075693
    {normal=(-0.566476, 0.820594, -0.075693)
     Opos=(-0.396533, 0.574416, -0.052985)
     Onormal=(-0.566476, 0.820594, -0.075693)}

Vertex 207 -0.051985 0.850877 0.522786
    {normal=(-0.051985, 0.850877, 0.522786)
     Opos=(-0.036390, 0.595614, 0.365950)
     Onormal=(-0.051985, 0.850877, 0.522786)}

Vertex 208 -0.051419 -0.414943 -0.908393
    {normal=(-0.051419, -0.414943, -0.908393)
     Opos=(-0.035993, -0.290460, -0.635875)
     Onormal=(-0.051419, -0.414943, -0.908393)}

Vertex 209 -0.314333 -0.400671 0.860615
    {normal=(-0.314333, -0.400671, 0.860615)
     Opos=(-0.220033, -0.280470, 0.602430)
     Onormal=(-0.314333, -0.400671, 0.860615)}

Vertex 210 -0.439422 0.889153 -0.127731
    {normal=(-0.439422, 0.889153, -0.127731)
     Opos=(-0.307596, 0.622407, -0.089412)
     Onormal=(-0.439422, 0.889153, -0.127731)}

Vertex 211 -0.281663 0.945791 -0.161698
    {normal=(-0.281663, 0.945791, -0.161698)
     Opos=(-0.197164, 0.662053, -0.113189)
     Onormal=(-0.281663, 0.945791, -0.161698)}

Vertex 212 -0.418784 -0.807240 -0.415913
    {normal=(-0.418784, -0.807240, -0.415913)
     Opos=(-0.293149, -0.565068, -0.291139)
     Onormal=(-0.418784, -0.807240, -0.415913)}

Vertex 213 0.597483 0.251913 0.761285
    {normal=(0.597483, 0.251913, 0.761285)
     Opos=(0.418238, 0.176339, 0.532899)
     Onormal=(0.597483, 0.251913, 0.761285)}

Vertex 214 -0.819497 -0.137790 0.556272
    {normal=(-0.819497, -0.137790, 0.556272)
     Opos=(-0.573648, -0.096453, 0.389390)
     Onormal=(-0.819497, -0.137790, 0.556272)}

Vertex 215 -0.317726 0.948092 -0.013117
    {normal=(-0.317726, 0.948092, -0.013117)
     Opos=(-0.222408, 0.663664, -0.009182)
     Onormal=(-0.317726, 0.948092, -0.013117)}

Vertex 216 -0.088065 0.107199 0.990330
    {normal=(-0.088065, 0.107199, 0.990330)
     Opos=(-0.061645, 0.075039, 0.693231)
     Onormal=(-0.088065, 0.107199, 0.990330)}

Vertex 217 0.735551 -0.554591 0.389094
    {normal=(0.735551, -0.554591, 0.389094)
     Opos=(0.514885, -0.388214, 0.272366)
     Onormal=(0.735551, -0.554591, 0.389094)}

Vertex 218 -0.343260 0.920271 -0.187814
    {normal=(-0.343260, 0.920271, -0.187814)
     Opos=(-0.240282, 0.644190, -0.131470)
     Onormal=(-0.343260, 0.920271, -0.187814)}

Vertex 219 0.788726 -0.399246 0.467454
    {normal=(0.788726, -0.399246, 0.467454)
     Opos=(0.552108, -0.279472, 0.327218)
     Onormal=(0.788726, -0.399246, 0.467454)}

Vertex 220 -0.489468 0.831950 -0.261304
    {normal=(-0.489468, 0.831950, -0.261304)
     Opos=(-0.342628, 0.582365, -0.182913)
     Onormal=(-0.489468, 0.831950, -0.261304)}

Vertex 221 -0.716173 0.461702 0.523381
    {normal=(-0.716173, 0.461702, 0.523381)
     Opos=(-0.501321, 0.323192, 0.366367)
     Onormal=(-0.716173, 0.461702, 0.523381)}

Vertex 222 -0.562362 0.738715 -0.371549
    {normal=(-0.562362, 0.738715, -0.371549)
     Opos=(-0.393653, 0.517101, -0.260084)
     Onormal=(-0.562362, 0.738715, -0.371549)}

Vertex 223 -0.571354 0.721154 -0.391780
    {normal=(-0.571354, 0.721154, -0.391780)
     Opos=(-0.399948, 0.504808, -0.274246)
     Onormal=(-0.571354, 0.721154, -0.391780)}

Vertex 224 -0.677485 -0.709454 0.194137
    {normal=(-0.677485, -0.709454, 0.194137)
     Opos=(-0.474239, -0.496618, 0.135896)
     Onormal=(-0.677485, -0.709454, 0.194137)}

Vertex 225 -0.766057 -0.325502 0.554261
    {normal=(-0.766057, -0.325502, 0.554261)
     Opos=(-0.536240, -0.227851, 0.387983)
     Onormal=(-0.766057, -0.325502, 0.554261)}

Vertex 226 -0.472908 0.857125 0.204191
    {normal=(-0.472908, 0.857125, 0.204191)
     Opos=(-0.331036, 0.599988, 0.142934)
     Onormal=(-0.472908, 0.857125, 0.204191)}

Vertex 227 -0.433700 -0.838585 -0.329667
    {normal=(-0.433700, -0.838585, -0.329667)
     Opos=(-0.303590, -0.587009, -0.230767)
     Onormal=(-0.433700, -0.838585, -0.329667)}

Vertex 228 0.468392 -0.562241 0.681538
    {normal=(0.468392, -0.562241, 0.681538)
     Opos=(0.327874, -0.393569, 0.477077)
     Onormal=(0.468392, -0.562241, 0.681538)}

Vertex 229 -0.462978 -0.549194 0.695728
    {normal=(-0.462978, -0.549194, 0.695728)
     Opos=(-0.324085, -0.384436, 0.487009)
     Onormal=(-0.462978, -0.549194, 0.695728)}

Vertex 230 -0.356333 0.868309 -0.345060
    {normal=(-0.356333, 0.868309, -0.345060)
     Opos=(-0.249433, 0.607816, -0.241542)
     Onormal=(-0.356333, 0.868309, -0.345060)}

Vertex 231 -0.267077 0.962924 0.038042
    {normal=(-0.267077, 0.962924, 0.038042)
     Opos=(-0.186954, 0.674047, 0.026630)
     Onormal=(-0.267077, 0.962924, 0.038042)}

Vertex 232 -0.171760 0.977786 -0.120138
    {normal=(-0.171760, 0.977786, -0.120138)
     Opos=(-0.120232, 0.684450, -0.084097)
     Onormal=(-0.171760, 0.977786, -0.120138)}

Vertex 233 0.659173 -0.278884 0.698366
    {normal=(0.659173, -0.278884, 0.698366)
     Opos=(0.461421, -0.195219, 0.488856)
     Onormal=(0.659173, -0.278884, 0.698366)}

Vertex 234 -0.184037 -0.687046 -0.702921
    {normal=(-0.184037, -0.687046, -0.702921)
     Opos=(-0.128826, -0.480932, -0.492045)
     Onormal=(-0.184037, -0.687046, -0.702921)}

Vertex 235 -0.061678 -0.170892 -0.983357
    {normal=(-0.061678, -0.170892, -0.983357)
     Opos=(-0.043175, -0.119625, -0.688350)
     Onormal=(-0.061678, -0.170892, -0.983357)}

Vertex 236 0.286917 -0.742143 -0.605724
    {normal=(0.286917, -0.742143, -0.605724)
     Opos=(0.200842, -0.519500, -0.424007)
     Onormal=(0.286917, -0.742143, -0.605724)}

Vertex 237 -0.705918 -0.708180 0.012735
    {normal=(-0.705918, -0.708180, 0.012735)
     Opos=(-0.494142, -0.495726, 0.008915)
     Onormal=(-0.705918, -0.708180, 0.012735)}

Vertex 238 0.106266 0.984982 0.136082
    {normal=(0.106266, 0.984982, 0.136082)
     Opos=(0.074386, 0.689487, 0.095257)
     Onormal=(0.106266, 0.984982, 0.136082)}

Vertex 239 -0.329895 0.930833 -0.157226
    {normal=(-0.329895, 0.930833, -0.157226)
     Opos=(-0.230927, 0.651583, -0.110058)
     Onormal=(-0.329895, 0.930833, -0.157226)}

Vertex 240 -0.597327 0.751787 -0.279316
    {normal=(-0.597327, 0.751787, -0.279316)
     Opos=(-0.418129, 0.526251, -0.195521)
     Onormal=(-0.597327, 0.751787, -0.279316)}

Vertex 241 -0.881591 0.406406 0.240064
    {normal=(-0.881591, 0.406406, 0.240064)
     Opos=(-0.617114, 0.284485, 0.168045)
     Onormal=(-0.881591, 0.406406, 0.240064)}

Vertex 242 0.904343 -0.416458 0.093415
    {normal=(0.904343, -0.416458, 0.093415)
     Opos=(0.633040, -0.291521, 0.065390)
     Onormal=(0.904343, -0.416458, 0.093415)}

Vertex 243 0.899851 -0.355575 0.252656
    {normal=(0.899851, -0.355575, 0.252656)
     Opos=(0.629895, -0.248903, 0.176859)
     Onormal=(0.899851, -0.355575, 0.252656)}

Vertex 244 -0.380588 0.864538 -0.328218
    {normal=(-0.380588, 0.864538, -0.328218)
     Opos=(-0.266411, 0.605177, -0.229752)
     Onormal=(-0.380588, 0.864538, -0.328218)}

Vertex 245 -0.312551 0.863348 -0.396158
    {normal=(-0.312551, 0.863348, -0.396158)
     Opos=(-0.218786, 0.604344, -0.277311)
     Onormal=(-0.312551, 0.863348, -0.396158)}

Vertex 246 0.618435 -0.663618 -0.420892
    {normal=(0.618435, -0.663618, -0.420892)
     Opos=(0.432904, -0.464532, -0.294624)
     Onormal=(0.618435, -0.663618, -0.420892)}

Vertex 247 -0.420747 0.869789 -0.257756
    {normal=(-0.420747, 0.869789, -0.257756)
     Opos=(-0.294523, 0.608853, -0.180429)
     Onormal=(-0.420747, 0.869789, -0.257756)}

Vertex 248 -0.738013 -0.527825 0.420402
    {normal=(-0.738013, -0.527825, 0.420402)
     Opos=(-0.516609, -0.369477, 0.294281)
     Onormal=(-0.738013, -0.527825, 0.420402)}

Vertex 249 -0.244348 -0.634601 0.733196
    {normal=(-0.244348, -0.634601, 0.733196)
     Opos=(-0.171043, -0.444220, 0.513237)
     Onormal=(-0.244348, -0.634601, 0.733196)}

Vertex 250 -0.664180 -0.746114 -0.046690
    {normal=(-0.664180, -0.746114, -0.046690)
     Opos=(-0.464926, -0.522280, -0.032683)
     Onormal=(-0.664180, -0.746114, -0.046690)}

Vertex 251 -0.751508 0.576922 -0.319995
    {normal=(-0.751508, 0.576922, -0.319995)
     Opos=(-0.526056, 0.403845, -0.223997)
     Onormal=(-0.751508, 0.576922, -0.319995)}

Vertex 252 -0.298096 0.949065 0.102050
    {normal=(-0.298096, 0.949065, 0.102050)
     Opos=(-0.208667, 0.664346, 0.071435)
     Onormal=(-0.298096, 0.949065, 0.102050)}

